Types count: 8
Min bandwidth: 0.25
Max bandwidth: 3
Koeff value: 0.5
Matrix of connection speed: 
0 0.426679 2.31676 1.19437 1.53302 2.76959 1.80804 2.36678 
0.426679 0 1.62584 1.93053 2.47181 2.82308 1.1817 0.666566 
2.31676 1.62584 0 2.97709 1.17958 1.37473 2.27245 1.19992 
1.19437 1.93053 2.97709 0 2.40387 0.868828 1.25992 2.89294 
1.53302 2.47181 1.17958 2.40387 0 0.250406 2.35075 0.543489 
2.76959 2.82308 1.37473 0.868828 0.250406 0 1.95151 2.9917 
1.80804 1.1817 2.27245 1.25992 2.35075 1.95151 0 1.29135 
2.36678 0.666566 1.19992 2.89294 0.543489 2.9917 1.29135 0 
