SIMPLE  = T
BITPIX  = -64
NAXIS   = 2
NAXIS1  = 3035
NAXIS2  = 3035
CTYPE1  = 'RA---TAN'
CTYPE2  = 'DEC--TAN'
CRVAL1  =  204.253960
CRVAL2  =  -29.865420
CRPIX1  = 1518.000000
CRPIX2  = 1518.000000
CDELT1  = -0.000278000
CDELT2  = 0.000278000
CROTA2  =    0.000000
EQUINOX = 2000
MAGZP   =   20.904400
END
